  1.5590e-003 -3.1177e-003  4.6756e-003  6.2323e-003 -7.7875e-003  9.3408e-003  1.0892e-002  1.2440e-002 -1.3986e-002 -1.5527e-002  1.7066e-002  1.8600e-002 -2.0129e-002 -2.1653e-002 -2.3173e-002 -2.4686e-002 -2.6194e-002  2.7695e-002  2.9189e-002 -3.0676e-002  3.2156e-002 -3.3628e-002 -3.5092e-002  3.6547e-002  3.7993e-002 -3.9430e-002  4.0857e-002 -4.2274e-002  4.3681e-002 -4.5077e-002 -4.6463e-002 -4.7837e-002 -4.9199e-002 -5.0549e-002  5.1887e-002  5.3212e-002 -5.4524e-002 -5.5823e-002  5.7108e-002 -5.8380e-002  5.9637e-002  6.0879e-002 -6.2107e-002 -6.3319e-002 -6.4516e-002  6.5697e-002 -6.6862e-002  6.8011e-002 -6.9143e-002  7.0258e-002  7.1357e-002  7.2437e-002 -7.3500e-002 -7.4545e-002 -7.5572e-002 -7.6580e-002  7.7570e-002  7.8541e-002 -7.9492e-002  8.0424e-002  8.1337e-002  8.2229e-002 -8.3102e-002  8.3954e-002  8.4786e-002  8.5597e-002 -8.6387e-002 -8.7156e-002 -8.7903e-002  8.8630e-002 -8.9334e-002  9.0017e-002 -9.0678e-002 -9.1316e-002  9.1933e-002 -9.2526e-002 -9.3098e-002  9.3646e-002 -9.4172e-002 -9.4674e-002  9.5154e-002 -9.5610e-002 -9.6043e-002 -9.6452e-002  9.6838e-002 -9.7200e-002  9.7539e-002  9.7853e-002  9.8144e-002  9.8411e-002  9.8653e-002 -9.8872e-002  9.9066e-002  9.9237e-002  9.9383e-002  9.9504e-002  9.9602e-002 -9.9675e-002  9.9724e-002 -9.9748e-002  9.9748e-002 -9.9724e-002  9.9675e-002 -9.9602e-002  9.9504e-002  9.9383e-002 -9.9237e-002 -9.9066e-002 -9.8872e-002  9.8653e-002  9.8411e-002  9.8144e-002  9.7853e-002 -9.7539e-002 -9.7200e-002 -9.6838e-002  9.6452e-002 -9.6043e-002  9.5610e-002  9.5154e-002  9.4674e-002 -9.4172e-002 -9.3646e-002  9.3098e-002 -9.2526e-002 -9.1933e-002 -9.1316e-002  9.0678e-002 -9.0017e-002 -8.9334e-002  8.8630e-002 -8.7903e-002  8.7156e-002 -8.6387e-002 -8.5597e-002 -8.4786e-002  8.3954e-002  8.3102e-002  8.2229e-002  8.1337e-002  8.0424e-002  7.9492e-002 -7.8541e-002  7.7570e-002 -7.6580e-002  7.5572e-002  7.4545e-002  7.3500e-002 -7.2437e-002  7.1357e-002  7.0258e-002  6.9143e-002 -6.8011e-002 -6.6862e-002 -6.5697e-002  6.4516e-002 -6.3319e-002 -6.2107e-002  6.0879e-002  5.9637e-002 -5.8380e-002 -5.7108e-002  5.5823e-002  5.4524e-002 -5.3212e-002 -5.1887e-002  5.0549e-002  4.9199e-002 -4.7837e-002 -4.6463e-002  4.5077e-002 -4.3681e-002 -4.2274e-002  4.0857e-002 -3.9430e-002 -3.7993e-002 -3.6547e-002 -3.5092e-002  3.3628e-002  3.2156e-002  3.0676e-002 -2.9189e-002 -2.7695e-002  2.6194e-002 -2.4686e-002  2.3173e-002 -2.1653e-002 -2.0129e-002 -1.8600e-002 -1.7066e-002  1.5527e-002  1.3986e-002 -1.2440e-002  1.0892e-002  9.3408e-003  7.7875e-003 -6.2323e-003  4.6756e-003  3.1177e-003 -1.5590e-003
  3.1177e-003 -6.2323e-003  9.3408e-003  1.2440e-002 -1.5527e-002  1.8600e-002  2.1653e-002  2.4686e-002 -2.7695e-002 -3.0676e-002  3.3628e-002  3.6547e-002 -3.9430e-002 -4.2274e-002 -4.5077e-002 -4.7837e-002 -5.0549e-002  5.3212e-002  5.5823e-002 -5.8380e-002  6.0879e-002 -6.3319e-002 -6.5697e-002  6.8011e-002  7.0258e-002 -7.2437e-002  7.4545e-002 -7.6580e-002  7.8541e-002 -8.0424e-002 -8.2229e-002 -8.3954e-002 -8.5597e-002 -8.7156e-002  8.8630e-002  9.0017e-002 -9.1316e-002 -9.2526e-002  9.3646e-002 -9.4674e-002  9.5610e-002  9.6452e-002 -9.7200e-002 -9.7853e-002 -9.8411e-002  9.8872e-002 -9.9237e-002  9.9504e-002 -9.9675e-002  9.9748e-002  9.9724e-002  9.9602e-002 -9.9383e-002 -9.9066e-002 -9.8653e-002 -9.8144e-002  9.7539e-002  9.6838e-002 -9.6043e-002  9.5154e-002  9.4172e-002  9.3098e-002 -9.1933e-002  9.0678e-002  8.9334e-002  8.7903e-002 -8.6387e-002 -8.4786e-002 -8.3102e-002  8.1337e-002 -7.9492e-002  7.7570e-002 -7.5572e-002 -7.3500e-002  7.1357e-002 -6.9143e-002 -6.6862e-002  6.4516e-002 -6.2107e-002 -5.9637e-002  5.7108e-002 -5.4524e-002 -5.1887e-002 -4.9199e-002  4.6463e-002 -4.3681e-002  4.0857e-002  3.7993e-002  3.5092e-002  3.2156e-002  2.9189e-002 -2.6194e-002  2.3173e-002  2.0129e-002  1.7066e-002  1.3986e-002  1.0892e-002 -7.7875e-003  4.6756e-003 -1.5590e-003 -1.5590e-003  4.6756e-003 -7.7875e-003  1.0892e-002 -1.3986e-002 -1.7066e-002  2.0129e-002  2.3173e-002  2.6194e-002 -2.9189e-002 -3.2156e-002 -3.5092e-002 -3.7993e-002  4.0857e-002  4.3681e-002  4.6463e-002 -4.9199e-002  5.1887e-002 -5.4524e-002 -5.7108e-002 -5.9637e-002  6.2107e-002  6.4516e-002 -6.6862e-002  6.9143e-002  7.1357e-002  7.3500e-002 -7.5572e-002  7.7570e-002  7.9492e-002 -8.1337e-002  8.3102e-002 -8.4786e-002  8.6387e-002  8.7903e-002  8.9334e-002 -9.0678e-002 -9.1933e-002 -9.3098e-002 -9.4172e-002 -9.5154e-002 -9.6043e-002  9.6838e-002 -9.7539e-002  9.8144e-002 -9.8653e-002 -9.9066e-002 -9.9383e-002  9.9602e-002 -9.9724e-002 -9.9748e-002 -9.9675e-002  9.9504e-002  9.9237e-002  9.8872e-002 -9.8411e-002  9.7853e-002  9.7200e-002 -9.6452e-002 -9.5610e-002  9.4674e-002  9.3646e-002 -9.2526e-002 -9.1316e-002  9.0017e-002  8.8630e-002 -8.7156e-002 -8.5597e-002  8.3954e-002  8.2229e-002 -8.0424e-002  7.8541e-002  7.6580e-002 -7.4545e-002  7.2437e-002  7.0258e-002  6.8011e-002  6.5697e-002 -6.3319e-002 -6.0879e-002 -5.8380e-002  5.5823e-002  5.3212e-002 -5.0549e-002  4.7837e-002 -4.5077e-002  4.2274e-002  3.9430e-002  3.6547e-002  3.3628e-002 -3.0676e-002 -2.7695e-002  2.4686e-002 -2.1653e-002 -1.8600e-002 -1.5527e-002  1.2440e-002 -9.3408e-003 -6.2323e-003  3.1177e-003
  4.6756e-003 -9.3408e-003  1.3986e-002  1.8600e-002 -2.3173e-002  2.7695e-002  3.2156e-002  3.6547e-002 -4.0857e-002 -4.5077e-002  4.9199e-002  5.3212e-002 -5.7108e-002 -6.0879e-002 -6.4516e-002 -6.8011e-002 -7.1357e-002  7.4545e-002  7.7570e-002 -8.0424e-002  8.3102e-002 -8.5597e-002 -8.7903e-002  9.0017e-002  9.1933e-002 -9.3646e-002  9.5154e-002 -9.6452e-002  9.7539e-002 -9.8411e-002 -9.9066e-002 -9.9504e-002 -9.9724e-002 -9.9724e-002  9.9504e-002  9.9066e-002 -9.8411e-002 -9.7539e-002  9.6452e-002 -9.5154e-002  9.3646e-002  9.1933e-002 -9.0017e-002 -8.7903e-002 -8.5597e-002  8.3102e-002 -8.0424e-002  7.7570e-002 -7.4545e-002  7.1357e-002  6.8011e-002  6.4516e-002 -6.0879e-002 -5.7108e-002 -5.3212e-002 -4.9199e-002  4.5077e-002  4.0857e-002 -3.6547e-002  3.2156e-002  2.7695e-002  2.3173e-002 -1.8600e-002  1.3986e-002  9.3408e-003  4.6756e-003  5.1052e-014  4.6756e-003  9.3408e-003 -1.3986e-002  1.8600e-002 -2.3173e-002  2.7695e-002  3.2156e-002 -3.6547e-002  4.0857e-002  4.5077e-002 -4.9199e-002  5.3212e-002  5.7108e-002 -6.0879e-002  6.4516e-002  6.8011e-002  7.1357e-002 -7.4545e-002  7.7570e-002 -8.0424e-002 -8.3102e-002 -8.5597e-002 -8.7903e-002 -9.0017e-002  9.1933e-002 -9.3646e-002 -9.5154e-002 -9.6452e-002 -9.7539e-002 -9.8411e-002  9.9066e-002 -9.9504e-002  9.9724e-002 -9.9724e-002  9.9504e-002 -9.9066e-002  9.8411e-002 -9.7539e-002 -9.6452e-002  9.5154e-002  9.3646e-002  9.1933e-002 -9.0017e-002 -8.7903e-002 -8.5597e-002 -8.3102e-002  8.0424e-002  7.7570e-002  7.4545e-002 -7.1357e-002  6.8011e-002 -6.4516e-002 -6.0879e-002 -5.7108e-002  5.3212e-002  4.9199e-002 -4.5077e-002  4.0857e-002  3.6547e-002  3.2156e-002 -2.7695e-002  2.3173e-002  1.8600e-002 -1.3986e-002  9.3408e-003 -4.6756e-003 -3.8902e-014 -4.6756e-003 -9.3408e-003  1.3986e-002  1.8600e-002  2.3173e-002  2.7695e-002  3.2156e-002  3.6547e-002 -4.0857e-002  4.5077e-002 -4.9199e-002  5.3212e-002  5.7108e-002  6.0879e-002 -6.4516e-002  6.8011e-002  7.1357e-002  7.4545e-002 -7.7570e-002 -8.0424e-002 -8.3102e-002  8.5597e-002 -8.7903e-002 -9.0017e-002  9.1933e-002  9.3646e-002 -9.5154e-002 -9.6452e-002  9.7539e-002  9.8411e-002 -9.9066e-002 -9.9504e-002  9.9724e-002  9.9724e-002 -9.9504e-002 -9.9066e-002  9.8411e-002 -9.7539e-002 -9.6452e-002  9.5154e-002 -9.3646e-002 -9.1933e-002 -9.0017e-002 -8.7903e-002  8.5597e-002  8.3102e-002  8.0424e-002 -7.7570e-002 -7.4545e-002  7.1357e-002 -6.8011e-002  6.4516e-002 -6.0879e-002 -5.7108e-002 -5.3212e-002 -4.9199e-002  4.5077e-002  4.0857e-002 -3.6547e-002  3.2156e-002  2.7695e-002  2.3173e-002 -1.8600e-002  1.3986e-002  9.3408e-003 -4.6756e-003
  6.2323e-003 -1.2440e-002  1.8600e-002  2.4686e-002 -3.0676e-002  3.6547e-002  4.2274e-002  4.7837e-002 -5.3212e-002 -5.8380e-002  6.3319e-002  6.8011e-002 -7.2437e-002 -7.6580e-002 -8.0424e-002 -8.3954e-002 -8.7156e-002  9.0017e-002  9.2526e-002 -9.4674e-002  9.6452e-002 -9.7853e-002 -9.8872e-002  9.9504e-002  9.9748e-002 -9.9602e-002  9.9066e-002 -9.8144e-002  9.6838e-002 -9.5154e-002 -9.3098e-002 -9.0678e-002 -8.7903e-002 -8.4786e-002  8.1337e-002  7.7570e-002 -7.3500e-002 -6.9143e-002  6.4516e-002 -5.9637e-002  5.4524e-002  4.9199e-002 -4.3681e-002 -3.7993e-002 -3.2156e-002  2.6194e-002 -2.0129e-002  1.3986e-002 -7.7875e-003  1.5590e-003 -4.6756e-003 -1.0892e-002  1.7066e-002  2.3173e-002  2.9189e-002  3.5092e-002 -4.0857e-002 -4.6463e-002  5.1887e-002 -5.7108e-002 -6.2107e-002 -6.6862e-002  7.1357e-002 -7.5572e-002 -7.9492e-002 -8.3102e-002  8.6387e-002  8.9334e-002  9.1933e-002 -9.4172e-002  9.6043e-002 -9.7539e-002  9.8653e-002  9.9383e-002 -9.9724e-002  9.9675e-002  9.9237e-002 -9.8411e-002  9.7200e-002  9.5610e-002 -9.3646e-002  9.1316e-002  8.8630e-002  8.5597e-002 -8.2229e-002  7.8541e-002 -7.4545e-002 -7.0258e-002 -6.5697e-002 -6.0879e-002 -5.5823e-002  5.0549e-002 -4.5077e-002 -3.9430e-002 -3.3628e-002 -2.7695e-002 -2.1653e-002  1.5527e-002 -9.3408e-003  3.1177e-003  3.1177e-003 -9.3408e-003  1.5527e-002 -2.1653e-002  2.7695e-002  3.3628e-002 -3.9430e-002 -4.5077e-002 -5.0549e-002  5.5823e-002  6.0879e-002  6.5697e-002  7.0258e-002 -7.4545e-002 -7.8541e-002 -8.2229e-002  8.5597e-002 -8.8630e-002  9.1316e-002  9.3646e-002  9.5610e-002 -9.7200e-002 -9.8411e-002  9.9237e-002 -9.9675e-002 -9.9724e-002 -9.9383e-002  9.8653e-002 -9.7539e-002 -9.6043e-002  9.4172e-002 -9.1933e-002  8.9334e-002 -8.6387e-002 -8.3102e-002 -7.9492e-002  7.5572e-002  7.1357e-002  6.6862e-002  6.2107e-002  5.7108e-002  5.1887e-002 -4.6463e-002  4.0857e-002 -3.5092e-002  2.9189e-002  2.3173e-002  1.7066e-002 -1.0892e-002  4.6756e-003 -1.5590e-003 -7.7875e-003  1.3986e-002  2.0129e-002  2.6194e-002 -3.2156e-002  3.7993e-002  4.3681e-002 -4.9199e-002 -5.4524e-002  5.9637e-002  6.4516e-002 -6.9143e-002 -7.3500e-002  7.7570e-002  8.1337e-002 -8.4786e-002 -8.7903e-002  9.0678e-002  9.3098e-002 -9.5154e-002  9.6838e-002  9.8144e-002 -9.9066e-002  9.9602e-002  9.9748e-002  9.9504e-002  9.8872e-002 -9.7853e-002 -9.6452e-002 -9.4674e-002  9.2526e-002  9.0017e-002 -8.7156e-002  8.3954e-002 -8.0424e-002  7.6580e-002  7.2437e-002  6.8011e-002  6.3319e-002 -5.8380e-002 -5.3212e-002  4.7837e-002 -4.2274e-002 -3.6547e-002 -3.0676e-002  2.4686e-002 -1.8600e-002 -1.2440e-002  6.2323e-003
  7.7875e-003 -1.5527e-002  2.3173e-002  3.0676e-002 -3.7993e-002  4.5077e-002  5.1887e-002  5.8380e-002 -6.4516e-002 -7.0258e-002  7.5572e-002  8.0424e-002 -8.4786e-002 -8.8630e-002 -9.1933e-002 -9.4674e-002 -9.6838e-002  9.8411e-002  9.9383e-002 -9.9748e-002  9.9504e-002 -9.8653e-002 -9.7200e-002  9.5154e-002  9.2526e-002 -8.9334e-002  8.5597e-002 -8.1337e-002  7.6580e-002 -7.1357e-002 -6.5697e-002 -5.9637e-002 -5.3212e-002 -4.6463e-002  3.9430e-002  3.2156e-002 -2.4686e-002 -1.7066e-002  9.3408e-003 -1.5590e-003 -6.2323e-003 -1.3986e-002  2.1653e-002  2.9189e-002  3.6547e-002 -4.3681e-002  5.0549e-002 -5.7108e-002  6.3319e-002 -6.9143e-002 -7.4545e-002 -7.9492e-002  8.3954e-002  8.7903e-002  9.1316e-002  9.4172e-002 -9.6452e-002 -9.8144e-002  9.9237e-002 -9.9724e-002 -9.9602e-002 -9.8872e-002  9.7539e-002 -9.5610e-002 -9.3098e-002 -9.0017e-002  8.6387e-002  8.2229e-002  7.7570e-002 -7.2437e-002  6.6862e-002 -6.0879e-002  5.4524e-002  4.7837e-002 -4.0857e-002  3.3628e-002  2.6194e-002 -1.8600e-002  1.0892e-002  3.1177e-003  4.6756e-003 -1.2440e-002 -2.0129e-002 -2.7695e-002  3.5092e-002 -4.2274e-002  4.9199e-002  5.5823e-002  6.2107e-002  6.8011e-002  7.3500e-002 -7.8541e-002  8.3102e-002  8.7156e-002  9.0678e-002  9.3646e-002  9.6043e-002 -9.7853e-002  9.9066e-002 -9.9675e-002  9.9675e-002 -9.9066e-002  9.7853e-002 -9.6043e-002  9.3646e-002  9.0678e-002 -8.7156e-002 -8.3102e-002 -7.8541e-002  7.3500e-002  6.8011e-002  6.2107e-002  5.5823e-002 -4.9199e-002 -4.2274e-002 -3.5092e-002  2.7695e-002 -2.0129e-002  1.2440e-002  4.6756e-003 -3.1177e-003  1.0892e-002  1.8600e-002 -2.6194e-002  3.3628e-002  4.0857e-002  4.7837e-002 -5.4524e-002  6.0879e-002  6.6862e-002 -7.2437e-002  7.7570e-002 -8.2229e-002  8.6387e-002  9.0017e-002  9.3098e-002 -9.5610e-002 -9.7539e-002 -9.8872e-002 -9.9602e-002 -9.9724e-002 -9.9237e-002  9.8144e-002 -9.6452e-002  9.4172e-002 -9.1316e-002 -8.7903e-002 -8.3954e-002  7.9492e-002 -7.4545e-002 -6.9143e-002 -6.3319e-002  5.7108e-002  5.0549e-002  4.3681e-002 -3.6547e-002  2.9189e-002  2.1653e-002 -1.3986e-002 -6.2323e-003 -1.5590e-003 -9.3408e-003  1.7066e-002  2.4686e-002 -3.2156e-002 -3.9430e-002  4.6463e-002  5.3212e-002 -5.9637e-002 -6.5697e-002  7.1357e-002 -7.6580e-002 -8.1337e-002  8.5597e-002 -8.9334e-002 -9.2526e-002 -9.5154e-002 -9.7200e-002  9.8653e-002  9.9504e-002  9.9748e-002 -9.9383e-002 -9.8411e-002  9.6838e-002 -9.4674e-002  9.1933e-002 -8.8630e-002 -8.4786e-002 -8.0424e-002 -7.5572e-002  7.0258e-002  6.4516e-002 -5.8380e-002  5.1887e-002  4.5077e-002  3.7993e-002 -3.0676e-002  2.3173e-002  1.5527e-002 -7.7875e-003
  9.3408e-003 -1.8600e-002  2.7695e-002  3.6547e-002 -4.5077e-002  5.3212e-002  6.0879e-002  6.8011e-002 -7.4545e-002 -8.0424e-002  8.5597e-002  9.0017e-002 -9.3646e-002 -9.6452e-002 -9.8411e-002 -9.9504e-002 -9.9724e-002  9.9066e-002  9.7539e-002 -9.5154e-002  9.1933e-002 -8.7903e-002 -8.3102e-002  7.7570e-002  7.1357e-002 -6.4516e-002  5.7108e-002 -4.9199e-002  4.0857e-002 -3.2156e-002 -2.3173e-002 -1.3986e-002 -4.6756e-003  4.6756e-003 -1.3986e-002 -2.3173e-002  3.2156e-002  4.0857e-002 -4.9199e-002  5.7108e-002 -6.4516e-002 -7.1357e-002  7.7570e-002  8.3102e-002  8.7903e-002 -9.1933e-002  9.5154e-002 -9.7539e-002  9.9066e-002 -9.9724e-002 -9.9504e-002 -9.8411e-002  9.6452e-002  9.3646e-002  9.0017e-002  8.5597e-002 -8.0424e-002 -7.4545e-002  6.8011e-002 -6.0879e-002 -5.3212e-002 -4.5077e-002  3.6547e-002 -2.7695e-002 -1.8600e-002 -9.3408e-003 -3.5155e-014 -9.3408e-003 -1.8600e-002  2.7695e-002 -3.6547e-002  4.5077e-002 -5.3212e-002 -6.0879e-002  6.8011e-002 -7.4545e-002 -8.0424e-002  8.5597e-002 -9.0017e-002 -9.3646e-002  9.6452e-002 -9.8411e-002 -9.9504e-002 -9.9724e-002  9.9066e-002 -9.7539e-002  9.5154e-002  9.1933e-002  8.7903e-002  8.3102e-002  7.7570e-002 -7.1357e-002  6.4516e-002  5.7108e-002  4.9199e-002  4.0857e-002  3.2156e-002 -2.3173e-002  1.3986e-002 -4.6756e-003 -4.6756e-003  1.3986e-002 -2.3173e-002  3.2156e-002 -4.0857e-002 -4.9199e-002  5.7108e-002  6.4516e-002  7.1357e-002 -7.7570e-002 -8.3102e-002 -8.7903e-002 -9.1933e-002  9.5154e-002  9.7539e-002  9.9066e-002 -9.9724e-002  9.9504e-002 -9.8411e-002 -9.6452e-002 -9.3646e-002  9.0017e-002  8.5597e-002 -8.0424e-002  7.4545e-002  6.8011e-002  6.0879e-002 -5.3212e-002  4.5077e-002  3.6547e-002 -2.7695e-002  1.8600e-002 -9.3408e-003  7.1846e-014 -9.3408e-003 -1.8600e-002  2.7695e-002  3.6547e-002  4.5077e-002  5.3212e-002  6.0879e-002  6.8011e-002 -7.4545e-002  8.0424e-002 -8.5597e-002  9.0017e-002  9.3646e-002  9.6452e-002 -9.8411e-002  9.9504e-002  9.9724e-002  9.9066e-002 -9.7539e-002 -9.5154e-002 -9.1933e-002  8.7903e-002 -8.3102e-002 -7.7570e-002  7.1357e-002  6.4516e-002 -5.7108e-002 -4.9199e-002  4.0857e-002  3.2156e-002 -2.3173e-002 -1.3986e-002  4.6756e-003 -4.6756e-003  1.3986e-002  2.3173e-002 -3.2156e-002  4.0857e-002  4.9199e-002 -5.7108e-002  6.4516e-002  7.1357e-002  7.7570e-002  8.3102e-002 -8.7903e-002 -9.1933e-002 -9.5154e-002  9.7539e-002  9.9066e-002 -9.9724e-002  9.9504e-002 -9.8411e-002  9.6452e-002  9.3646e-002  9.0017e-002  8.5597e-002 -8.0424e-002 -7.4545e-002  6.8011e-002 -6.0879e-002 -5.3212e-002 -4.5077e-002  3.6547e-002 -2.7695e-002 -1.8600e-002  9.3408e-003
  1.0892e-002 -2.1653e-002  3.2156e-002  4.2274e-002 -5.1887e-002  6.0879e-002  6.9143e-002  7.6580e-002 -8.3102e-002 -8.8630e-002  9.3098e-002  9.6452e-002 -9.8653e-002 -9.9675e-002 -9.9504e-002 -9.8144e-002 -9.5610e-002  9.1933e-002  8.7156e-002 -8.1337e-002  7.4545e-002 -6.6862e-002 -5.8380e-002  4.9199e-002  3.9430e-002 -2.9189e-002  1.8600e-002 -7.7875e-003 -3.1177e-003  1.3986e-002  2.4686e-002  3.5092e-002  4.5077e-002  5.4524e-002 -6.3319e-002 -7.1357e-002  7.8541e-002  8.4786e-002 -9.0017e-002  9.4172e-002 -9.7200e-002 -9.9066e-002  9.9748e-002  9.9237e-002  9.7539e-002 -9.4674e-002  9.0678e-002 -8.5597e-002  7.9492e-002 -7.2437e-002 -6.4516e-002 -5.5823e-002  4.6463e-002  3.6547e-002  2.6194e-002  1.5527e-002 -4.6756e-003  6.2323e-003 -1.7066e-002  2.7695e-002  3.7993e-002  4.7837e-002 -5.7108e-002  6.5697e-002  7.3500e-002  8.0424e-002 -8.6387e-002 -9.1316e-002 -9.5154e-002  9.7853e-002 -9.9383e-002  9.9724e-002 -9.8872e-002 -9.6838e-002  9.3646e-002 -8.9334e-002 -8.3954e-002  7.7570e-002 -7.0258e-002 -6.2107e-002  5.3212e-002 -4.3681e-002 -3.3628e-002 -2.3173e-002  1.2440e-002 -1.5590e-003 -9.3408e-003 -2.0129e-002 -3.0676e-002 -4.0857e-002 -5.0549e-002  5.9637e-002 -6.8011e-002 -7.5572e-002 -8.2229e-002 -8.7903e-002 -9.2526e-002  9.6043e-002 -9.8411e-002  9.9602e-002 -9.9602e-002  9.8411e-002 -9.6043e-002  9.2526e-002 -8.7903e-002 -8.2229e-002  7.5572e-002  6.8011e-002  5.9637e-002 -5.0549e-002 -4.0857e-002 -3.0676e-002 -2.0129e-002  9.3408e-003 -1.5590e-003 -1.2440e-002  2.3173e-002 -3.3628e-002  4.3681e-002  5.3212e-002  6.2107e-002 -7.0258e-002 -7.7570e-002  8.3954e-002 -8.9334e-002 -9.3646e-002 -9.6838e-002  9.8872e-002 -9.9724e-002 -9.9383e-002  9.7853e-002 -9.5154e-002  9.1316e-002 -8.6387e-002 -8.0424e-002 -7.3500e-002  6.5697e-002  5.7108e-002  4.7837e-002  3.7993e-002  2.7695e-002  1.7066e-002 -6.2323e-003 -4.6756e-003  1.5527e-002 -2.6194e-002 -3.6547e-002 -4.6463e-002  5.5823e-002 -6.4516e-002 -7.2437e-002 -7.9492e-002  8.5597e-002  9.0678e-002  9.4674e-002 -9.7539e-002  9.9237e-002  9.9748e-002 -9.9066e-002 -9.7200e-002  9.4172e-002  9.0017e-002 -8.4786e-002 -7.8541e-002  7.1357e-002  6.3319e-002 -5.4524e-002 -4.5077e-002  3.5092e-002  2.4686e-002 -1.3986e-002  3.1177e-003 -7.7875e-003  1.8600e-002 -2.9189e-002 -3.9430e-002 -4.9199e-002 -5.8380e-002  6.6862e-002  7.4545e-002  8.1337e-002 -8.7156e-002 -9.1933e-002  9.5610e-002 -9.8144e-002  9.9504e-002 -9.9675e-002 -9.8653e-002 -9.6452e-002 -9.3098e-002  8.8630e-002  8.3102e-002 -7.6580e-002  6.9143e-002  6.0879e-002  5.1887e-002 -4.2274e-002  3.2156e-002  2.1653e-002 -1.0892e-002
  1.2440e-002 -2.4686e-002  3.6547e-002  4.7837e-002 -5.8380e-002  6.8011e-002  7.6580e-002  8.3954e-002 -9.0017e-002 -9.4674e-002  9.7853e-002  9.9504e-002 -9.9602e-002 -9.8144e-002 -9.5154e-002 -9.0678e-002 -8.4786e-002  7.7570e-002  6.9143e-002 -5.9637e-002  4.9199e-002 -3.7993e-002 -2.6194e-002  1.3986e-002  1.5590e-003  1.0892e-002 -2.3173e-002  3.5092e-002 -4.6463e-002  5.7108e-002  6.6862e-002  7.5572e-002  8.3102e-002  8.9334e-002 -9.4172e-002 -9.7539e-002  9.9383e-002  9.9675e-002 -9.8411e-002  9.5610e-002 -9.1316e-002 -8.5597e-002  7.8541e-002  7.0258e-002  6.0879e-002 -5.0549e-002  3.9430e-002 -2.7695e-002  1.5527e-002 -3.1177e-003  9.3408e-003  2.1653e-002 -3.3628e-002 -4.5077e-002 -5.5823e-002 -6.5697e-002  7.4545e-002  8.2229e-002 -8.8630e-002  9.3646e-002  9.7200e-002  9.9237e-002 -9.9724e-002  9.8653e-002  9.6043e-002  9.1933e-002 -8.6387e-002 -7.9492e-002 -7.1357e-002  6.2107e-002 -5.1887e-002  4.0857e-002 -2.9189e-002 -1.7066e-002  4.6756e-003  7.7875e-003  2.0129e-002 -3.2156e-002  4.3681e-002  5.4524e-002 -6.4516e-002  7.3500e-002  8.1337e-002  8.7903e-002 -9.3098e-002  9.6838e-002 -9.9066e-002 -9.9748e-002 -9.8872e-002 -9.6452e-002 -9.2526e-002  8.7156e-002 -8.0424e-002 -7.2437e-002 -6.3319e-002 -5.3212e-002 -4.2274e-002  3.0676e-002 -1.8600e-002  6.2323e-003  6.2323e-003 -1.8600e-002  3.0676e-002 -4.2274e-002  5.3212e-002  6.3319e-002 -7.2437e-002 -8.0424e-002 -8.7156e-002  9.2526e-002  9.6452e-002  9.8872e-002  9.9748e-002 -9.9066e-002 -9.6838e-002 -9.3098e-002  8.7903e-002 -8.1337e-002  7.3500e-002  6.4516e-002  5.4524e-002 -4.3681e-002 -3.2156e-002  2.0129e-002 -7.7875e-003  4.6756e-003  1.7066e-002 -2.9189e-002  4.0857e-002  5.1887e-002 -6.2107e-002  7.1357e-002 -7.9492e-002  8.6387e-002  9.1933e-002  9.6043e-002 -9.8653e-002 -9.9724e-002 -9.9237e-002 -9.7200e-002 -9.3646e-002 -8.8630e-002  8.2229e-002 -7.4545e-002  6.5697e-002 -5.5823e-002 -4.5077e-002 -3.3628e-002  2.1653e-002 -9.3408e-003  3.1177e-003  1.5527e-002 -2.7695e-002 -3.9430e-002 -5.0549e-002  6.0879e-002 -7.0258e-002 -7.8541e-002  8.5597e-002  9.1316e-002 -9.5610e-002 -9.8411e-002  9.9675e-002  9.9383e-002 -9.7539e-002 -9.4172e-002  8.9334e-002  8.3102e-002 -7.5572e-002 -6.6862e-002  5.7108e-002 -4.6463e-002 -3.5092e-002  2.3173e-002 -1.0892e-002  1.5590e-003  1.3986e-002  2.6194e-002 -3.7993e-002 -4.9199e-002 -5.9637e-002  6.9143e-002  7.7570e-002 -8.4786e-002  9.0678e-002 -9.5154e-002  9.8144e-002  9.9602e-002  9.9504e-002  9.7853e-002 -9.4674e-002 -9.0017e-002  8.3954e-002 -7.6580e-002 -6.8011e-002 -5.8380e-002  4.7837e-002 -3.6547e-002 -2.4686e-002  1.2440e-002
  1.3986e-002 -2.7695e-002  4.0857e-002  5.3212e-002 -6.4516e-002  7.4545e-002  8.3102e-002  9.0017e-002 -9.5154e-002 -9.8411e-002  9.9724e-002  9.9066e-002 -9.6452e-002 -9.1933e-002 -8.5597e-002 -7.7570e-002 -6.8011e-002  5.7108e-002  4.5077e-002 -3.2156e-002  1.8600e-002 -4.6756e-003  9.3408e-003 -2.3173e-002 -3.6547e-002  4.9199e-002 -6.0879e-002  7.1357e-002 -8.0424e-002  8.7903e-002  9.3646e-002  9.7539e-002  9.9504e-002  9.9504e-002 -9.7539e-002 -9.3646e-002  8.7903e-002  8.0424e-002 -7.1357e-002  6.0879e-002 -4.9199e-002 -3.6547e-002  2.3173e-002  9.3408e-003 -4.6756e-003  1.8600e-002 -3.2156e-002  4.5077e-002 -5.7108e-002  6.8011e-002  7.7570e-002  8.5597e-002 -9.1933e-002 -9.6452e-002 -9.9066e-002 -9.9724e-002  9.8411e-002  9.5154e-002 -9.0017e-002  8.3102e-002  7.4545e-002  6.4516e-002 -5.3212e-002  4.0857e-002  2.7695e-002  1.3986e-002  2.5243e-014  1.3986e-002  2.7695e-002 -4.0857e-002  5.3212e-002 -6.4516e-002  7.4545e-002  8.3102e-002 -9.0017e-002  9.5154e-002  9.8411e-002 -9.9724e-002  9.9066e-002  9.6452e-002 -9.1933e-002  8.5597e-002  7.7570e-002  6.8011e-002 -5.7108e-002  4.5077e-002 -3.2156e-002 -1.8600e-002 -4.6756e-003  9.3408e-003  2.3173e-002 -3.6547e-002  4.9199e-002  6.0879e-002  7.1357e-002  8.0424e-002  8.7903e-002 -9.3646e-002  9.7539e-002 -9.9504e-002  9.9504e-002 -9.7539e-002  9.3646e-002 -8.7903e-002  8.0424e-002  7.1357e-002 -6.0879e-002 -4.9199e-002 -3.6547e-002  2.3173e-002  9.3408e-003 -4.6756e-003 -1.8600e-002  3.2156e-002  4.5077e-002  5.7108e-002 -6.8011e-002  7.7570e-002 -8.5597e-002 -9.1933e-002 -9.6452e-002  9.9066e-002  9.9724e-002 -9.8411e-002  9.5154e-002  9.0017e-002  8.3102e-002 -7.4545e-002  6.4516e-002  5.3212e-002 -4.0857e-002  2.7695e-002 -1.3986e-002  9.9536e-014 -1.3986e-002 -2.7695e-002  4.0857e-002  5.3212e-002  6.4516e-002  7.4545e-002  8.3102e-002  9.0017e-002 -9.5154e-002  9.8411e-002 -9.9724e-002  9.9066e-002  9.6452e-002  9.1933e-002 -8.5597e-002  7.7570e-002  6.8011e-002  5.7108e-002 -4.5077e-002 -3.2156e-002 -1.8600e-002  4.6756e-003  9.3408e-003  2.3173e-002 -3.6547e-002 -4.9199e-002  6.0879e-002  7.1357e-002 -8.0424e-002 -8.7903e-002  9.3646e-002  9.7539e-002 -9.9504e-002 -9.9504e-002  9.7539e-002  9.3646e-002 -8.7903e-002  8.0424e-002  7.1357e-002 -6.0879e-002  4.9199e-002  3.6547e-002  2.3173e-002  9.3408e-003  4.6756e-003  1.8600e-002  3.2156e-002 -4.5077e-002 -5.7108e-002  6.8011e-002 -7.7570e-002  8.5597e-002 -9.1933e-002 -9.6452e-002 -9.9066e-002 -9.9724e-002  9.8411e-002  9.5154e-002 -9.0017e-002  8.3102e-002  7.4545e-002  6.4516e-002 -5.3212e-002  4.0857e-002  2.7695e-002 -1.3986e-002
  1.5527e-002 -3.0676e-002  4.5077e-002  5.8380e-002 -7.0258e-002  8.0424e-002  8.8630e-002  9.4674e-002 -9.8411e-002 -9.9748e-002  9.8653e-002  9.5154e-002 -8.9334e-002 -8.1337e-002 -7.1357e-002 -5.9637e-002 -4.6463e-002  3.2156e-002  1.7066e-002 -1.5590e-003 -1.3986e-002  2.9189e-002  4.3681e-002 -5.7108e-002 -6.9143e-002  7.9492e-002 -8.7903e-002  9.4172e-002 -9.8144e-002  9.9724e-002  9.8872e-002  9.5610e-002  9.0017e-002  8.2229e-002 -7.2437e-002 -6.0879e-002  4.7837e-002  3.3628e-002 -1.8600e-002  3.1177e-003  1.2440e-002  2.7695e-002 -4.2274e-002 -5.5823e-002 -6.8011e-002  7.8541e-002 -8.7156e-002  9.3646e-002 -9.7853e-002  9.9675e-002  9.9066e-002  9.6043e-002 -9.0678e-002 -8.3102e-002 -7.3500e-002 -6.2107e-002  4.9199e-002  3.5092e-002 -2.0129e-002  4.6756e-003 -1.0892e-002 -2.6194e-002  4.0857e-002 -5.4524e-002 -6.6862e-002 -7.7570e-002  8.6387e-002  9.3098e-002  9.7539e-002 -9.9602e-002  9.9237e-002 -9.6452e-002  9.1316e-002  8.3954e-002 -7.4545e-002  6.3319e-002  5.0549e-002 -3.6547e-002  2.1653e-002  6.2323e-003  9.3408e-003 -2.4686e-002 -3.9430e-002 -5.3212e-002  6.5697e-002 -7.6580e-002  8.5597e-002  9.2526e-002  9.7200e-002  9.9504e-002  9.9383e-002 -9.6838e-002  9.1933e-002  8.4786e-002  7.5572e-002  6.4516e-002  5.1887e-002 -3.7993e-002  2.3173e-002 -7.7875e-003 -7.7875e-003  2.3173e-002 -3.7993e-002  5.1887e-002 -6.4516e-002 -7.5572e-002  8.4786e-002  9.1933e-002  9.6838e-002 -9.9383e-002 -9.9504e-002 -9.7200e-002 -9.2526e-002  8.5597e-002  7.6580e-002  6.5697e-002 -5.3212e-002  3.9430e-002 -2.4686e-002 -9.3408e-003  6.2323e-003 -2.1653e-002 -3.6547e-002  5.0549e-002 -6.3319e-002 -7.4545e-002 -8.3954e-002  9.1316e-002 -9.6452e-002 -9.9237e-002  9.9602e-002 -9.7539e-002  9.3098e-002 -8.6387e-002 -7.7570e-002 -6.6862e-002  5.4524e-002  4.0857e-002  2.6194e-002  1.0892e-002 -4.6756e-003 -2.0129e-002  3.5092e-002 -4.9199e-002  6.2107e-002 -7.3500e-002 -8.3102e-002 -9.0678e-002  9.6043e-002 -9.9066e-002 -9.9675e-002 -9.7853e-002  9.3646e-002  8.7156e-002  7.8541e-002 -6.8011e-002  5.5823e-002  4.2274e-002 -2.7695e-002 -1.2440e-002 -3.1177e-003 -1.8600e-002  3.3628e-002  4.7837e-002 -6.0879e-002 -7.2437e-002  8.2229e-002  9.0017e-002 -9.5610e-002 -9.8872e-002  9.9724e-002 -9.8144e-002 -9.4172e-002  8.7903e-002 -7.9492e-002 -6.9143e-002 -5.7108e-002 -4.3681e-002  2.9189e-002  1.3986e-002 -1.5590e-003  1.7066e-002  3.2156e-002 -4.6463e-002  5.9637e-002 -7.1357e-002  8.1337e-002  8.9334e-002  9.5154e-002  9.8653e-002 -9.9748e-002 -9.8411e-002  9.4674e-002 -8.8630e-002 -8.0424e-002 -7.0258e-002  5.8380e-002 -4.5077e-002 -3.0676e-002  1.5527e-002
  1.7066e-002 -3.3628e-002  4.9199e-002  6.3319e-002 -7.5572e-002  8.5597e-002  9.3098e-002  9.7853e-002 -9.9724e-002 -9.8653e-002  9.4674e-002  8.7903e-002 -7.8541e-002 -6.6862e-002 -5.3212e-002 -3.7993e-002 -2.1653e-002  4.6756e-003 -1.2440e-002  2.9189e-002 -4.5077e-002  5.9637e-002  7.2437e-002 -8.3102e-002 -9.1316e-002  9.6838e-002 -9.9504e-002  9.9237e-002 -9.6043e-002  9.0017e-002  8.1337e-002  7.0258e-002  5.7108e-002  4.2274e-002 -2.6194e-002 -9.3408e-003 -7.7875e-003 -2.4686e-002  4.0857e-002 -5.5823e-002  6.9143e-002  8.0424e-002 -8.9334e-002 -9.5610e-002 -9.9066e-002  9.9602e-002 -9.7200e-002  9.1933e-002 -8.3954e-002  7.3500e-002  6.0879e-002  4.6463e-002 -3.0676e-002 -1.3986e-002  3.1177e-003  2.0129e-002 -3.6547e-002 -5.1887e-002  6.5697e-002 -7.7570e-002 -8.7156e-002 -9.4172e-002  9.8411e-002 -9.9748e-002 -9.8144e-002 -9.3646e-002  8.6387e-002  7.6580e-002  6.4516e-002 -5.0549e-002  3.5092e-002 -1.8600e-002  1.5590e-003 -1.5527e-002  3.2156e-002 -4.7837e-002 -6.2107e-002  7.4545e-002 -8.4786e-002 -9.2526e-002  9.7539e-002 -9.9675e-002 -9.8872e-002 -9.5154e-002  8.8630e-002 -7.9492e-002  6.8011e-002  5.4524e-002  3.9430e-002  2.3173e-002  6.2323e-003  1.0892e-002 -2.7695e-002 -4.3681e-002 -5.8380e-002 -7.1357e-002 -8.2229e-002  9.0678e-002 -9.6452e-002  9.9383e-002 -9.9383e-002  9.6452e-002 -9.0678e-002  8.2229e-002 -7.1357e-002 -5.8380e-002  4.3681e-002  2.7695e-002  1.0892e-002  6.2323e-003  2.3173e-002  3.9430e-002  5.4524e-002 -6.8011e-002 -7.9492e-002 -8.8630e-002  9.5154e-002 -9.8872e-002  9.9675e-002  9.7539e-002  9.2526e-002 -8.4786e-002 -7.4545e-002  6.2107e-002 -4.7837e-002 -3.2156e-002 -1.5527e-002 -1.5590e-003  1.8600e-002  3.5092e-002 -5.0549e-002  6.4516e-002 -7.6580e-002  8.6387e-002  9.3646e-002  9.8144e-002 -9.9748e-002 -9.8411e-002 -9.4172e-002 -8.7156e-002 -7.7570e-002 -6.5697e-002  5.1887e-002 -3.6547e-002  2.0129e-002 -3.1177e-003  1.3986e-002  3.0676e-002 -4.6463e-002  6.0879e-002  7.3500e-002  8.3954e-002 -9.1933e-002 -9.7200e-002 -9.9602e-002  9.9066e-002 -9.5610e-002 -8.9334e-002  8.0424e-002  6.9143e-002 -5.5823e-002 -4.0857e-002  2.4686e-002  7.7875e-003  9.3408e-003  2.6194e-002 -4.2274e-002 -5.7108e-002  7.0258e-002  8.1337e-002 -9.0017e-002  9.6043e-002  9.9237e-002 -9.9504e-002  9.6838e-002  9.1316e-002  8.3102e-002  7.2437e-002 -5.9637e-002 -4.5077e-002 -2.9189e-002  1.2440e-002 -4.6756e-003  2.1653e-002 -3.7993e-002  5.3212e-002 -6.6862e-002 -7.8541e-002 -8.7903e-002 -9.4674e-002  9.8653e-002  9.9724e-002 -9.7853e-002  9.3098e-002  8.5597e-002  7.5572e-002 -6.3319e-002  4.9199e-002  3.3628e-002 -1.7066e-002
  1.8600e-002 -3.6547e-002  5.3212e-002  6.8011e-002 -8.0424e-002  9.0017e-002  9.6452e-002  9.9504e-002 -9.9066e-002 -9.5154e-002  8.7903e-002  7.7570e-002 -6.4516e-002 -4.9199e-002 -3.2156e-002 -1.3986e-002  4.6756e-003 -2.3173e-002 -4.0857e-002  5.7108e-002 -7.1357e-002  8.3102e-002  9.1933e-002 -9.7539e-002 -9.9724e-002  9.8411e-002 -9.3646e-002  8.5597e-002 -7.4545e-002  6.0879e-002  4.5077e-002  2.7695e-002  9.3408e-003 -9.3408e-003  2.7695e-002  4.5077e-002 -6.0879e-002 -7.4545e-002  8.5597e-002 -9.3646e-002  9.8411e-002  9.9724e-002 -9.7539e-002 -9.1933e-002 -8.3102e-002  7.1357e-002 -5.7108e-002  4.0857e-002 -2.3173e-002  4.6756e-003 -1.3986e-002 -3.2156e-002  4.9199e-002  6.4516e-002  7.7570e-002  8.7903e-002 -9.5154e-002 -9.9066e-002  9.9504e-002 -9.6452e-002 -9.0017e-002 -8.0424e-002  6.8011e-002 -5.3212e-002 -3.6547e-002 -1.8600e-002 -2.0463e-014 -1.8600e-002 -3.6547e-002  5.3212e-002 -6.8011e-002  8.0424e-002 -9.0017e-002 -9.6452e-002  9.9504e-002 -9.9066e-002 -9.5154e-002  8.7903e-002 -7.7570e-002 -6.4516e-002  4.9199e-002 -3.2156e-002 -1.3986e-002  4.6756e-003 -2.3173e-002  4.0857e-002 -5.7108e-002 -7.1357e-002 -8.3102e-002 -9.1933e-002 -9.7539e-002  9.9724e-002 -9.8411e-002 -9.3646e-002 -8.5597e-002 -7.4545e-002 -6.0879e-002  4.5077e-002 -2.7695e-002  9.3408e-003  9.3408e-003 -2.7695e-002  4.5077e-002 -6.0879e-002  7.4545e-002  8.5597e-002 -9.3646e-002 -9.8411e-002 -9.9724e-002  9.7539e-002  9.1933e-002  8.3102e-002  7.1357e-002 -5.7108e-002 -4.0857e-002 -2.3173e-002  4.6756e-003  1.3986e-002 -3.2156e-002 -4.9199e-002 -6.4516e-002  7.7570e-002  8.7903e-002 -9.5154e-002  9.9066e-002  9.9504e-002  9.6452e-002 -9.0017e-002  8.0424e-002  6.8011e-002 -5.3212e-002  3.6547e-002 -1.8600e-002  9.9720e-014 -1.8600e-002 -3.6547e-002  5.3212e-002  6.8011e-002  8.0424e-002  9.0017e-002  9.6452e-002  9.9504e-002 -9.9066e-002  9.5154e-002 -8.7903e-002  7.7570e-002  6.4516e-002  4.9199e-002 -3.2156e-002  1.3986e-002 -4.6756e-003 -2.3173e-002  4.0857e-002  5.7108e-002  7.1357e-002 -8.3102e-002  9.1933e-002  9.7539e-002 -9.9724e-002 -9.8411e-002  9.3646e-002  8.5597e-002 -7.4545e-002 -6.0879e-002  4.5077e-002  2.7695e-002 -9.3408e-003  9.3408e-003 -2.7695e-002 -4.5077e-002  6.0879e-002 -7.4545e-002 -8.5597e-002  9.3646e-002 -9.8411e-002 -9.9724e-002 -9.7539e-002 -9.1933e-002  8.3102e-002  7.1357e-002  5.7108e-002 -4.0857e-002 -2.3173e-002  4.6756e-003  1.3986e-002 -3.2156e-002  4.9199e-002  6.4516e-002  7.7570e-002  8.7903e-002 -9.5154e-002 -9.9066e-002  9.9504e-002 -9.6452e-002 -9.0017e-002 -8.0424e-002  6.8011e-002 -5.3212e-002 -3.6547e-002  1.8600e-002
  2.0129e-002 -3.9430e-002  5.7108e-002  7.2437e-002 -8.4786e-002  9.3646e-002  9.8653e-002  9.9602e-002 -9.6452e-002 -8.9334e-002  7.8541e-002  6.4516e-002 -4.7837e-002 -2.9189e-002 -9.3408e-003  1.0892e-002  3.0676e-002 -4.9199e-002 -6.5697e-002  7.9492e-002 -9.0017e-002  9.6838e-002  9.9675e-002 -9.8411e-002 -9.3098e-002  8.3954e-002 -7.1357e-002  5.5823e-002 -3.7993e-002  1.8600e-002 -1.5590e-003 -2.1653e-002 -4.0857e-002 -5.8380e-002  7.3500e-002  8.5597e-002 -9.4172e-002 -9.8872e-002  9.9504e-002 -9.6043e-002  8.8630e-002  7.7570e-002 -6.3319e-002 -4.6463e-002 -2.7695e-002  7.7875e-003  1.2440e-002 -3.2156e-002  5.0549e-002 -6.6862e-002 -8.0424e-002 -9.0678e-002  9.7200e-002  9.9724e-002  9.8144e-002  9.2526e-002 -8.3102e-002 -7.0258e-002  5.4524e-002 -3.6547e-002 -1.7066e-002  3.1177e-003 -2.3173e-002  4.2274e-002  5.9637e-002  7.4545e-002 -8.6387e-002 -9.4674e-002 -9.9066e-002  9.9383e-002 -9.5610e-002  8.7903e-002 -7.6580e-002 -6.2107e-002  4.5077e-002 -2.6194e-002 -6.2323e-003 -1.3986e-002  3.3628e-002  5.1887e-002 -6.8011e-002  8.1337e-002  9.1316e-002  9.7539e-002 -9.9748e-002  9.7853e-002 -9.1933e-002 -8.2229e-002 -6.9143e-002 -5.3212e-002 -3.5092e-002  1.5527e-002  4.6756e-003  2.4686e-002  4.3681e-002  6.0879e-002  7.5572e-002 -8.7156e-002  9.5154e-002 -9.9237e-002  9.9237e-002 -9.5154e-002  8.7156e-002 -7.5572e-002  6.0879e-002  4.3681e-002 -2.4686e-002 -4.6756e-003  1.5527e-002 -3.5092e-002 -5.3212e-002 -6.9143e-002 -8.2229e-002  9.1933e-002  9.7853e-002  9.9748e-002 -9.7539e-002  9.1316e-002 -8.1337e-002 -6.8011e-002 -5.1887e-002  3.3628e-002  1.3986e-002  6.2323e-003 -2.6194e-002 -4.5077e-002 -6.2107e-002  7.6580e-002 -8.7903e-002 -9.5610e-002  9.9383e-002 -9.9066e-002  9.4674e-002 -8.6387e-002 -7.4545e-002 -5.9637e-002  4.2274e-002  2.3173e-002  3.1177e-003 -1.7066e-002 -3.6547e-002 -5.4524e-002  7.0258e-002 -8.3102e-002  9.2526e-002 -9.8144e-002 -9.9724e-002 -9.7200e-002  9.0678e-002 -8.0424e-002 -6.6862e-002 -5.0549e-002  3.2156e-002  1.2440e-002 -7.7875e-003  2.7695e-002 -4.6463e-002 -6.3319e-002  7.7570e-002  8.8630e-002 -9.6043e-002 -9.9504e-002  9.8872e-002  9.4172e-002 -8.5597e-002 -7.3500e-002  5.8380e-002  4.0857e-002 -2.1653e-002 -1.5590e-003 -1.8600e-002  3.7993e-002  5.5823e-002 -7.1357e-002  8.3954e-002  9.3098e-002  9.8411e-002  9.9675e-002 -9.6838e-002 -9.0017e-002 -7.9492e-002  6.5697e-002  4.9199e-002 -3.0676e-002  1.0892e-002  9.3408e-003 -2.9189e-002 -4.7837e-002 -6.4516e-002 -7.8541e-002  8.9334e-002  9.6452e-002 -9.9602e-002  9.8653e-002  9.3646e-002  8.4786e-002 -7.2437e-002  5.7108e-002  3.9430e-002 -2.0129e-002
  2.1653e-002 -4.2274e-002  6.0879e-002  7.6580e-002 -8.8630e-002  9.6452e-002  9.9675e-002  9.8144e-002 -9.1933e-002 -8.1337e-002  6.6862e-002  4.9199e-002 -2.9189e-002 -7.7875e-003  1.3986e-002  3.5092e-002  5.4524e-002 -7.1357e-002 -8.4786e-002  9.4172e-002 -9.9066e-002  9.9237e-002  9.4674e-002 -8.5597e-002 -7.2437e-002  5.5823e-002 -3.6547e-002  1.5527e-002  6.2323e-003 -2.7695e-002 -4.7837e-002 -6.5697e-002 -8.0424e-002 -9.1316e-002  9.7853e-002  9.9724e-002 -9.6838e-002 -8.9334e-002  7.7570e-002 -6.2107e-002  4.3681e-002  2.3173e-002 -1.5590e-003  2.0129e-002  4.0857e-002 -5.9637e-002  7.5572e-002 -8.7903e-002  9.6043e-002 -9.9602e-002 -9.8411e-002 -9.2526e-002  8.2229e-002  6.8011e-002  5.0549e-002  3.0676e-002 -9.3408e-003  1.2440e-002 -3.3628e-002  5.3212e-002  7.0258e-002  8.3954e-002 -9.3646e-002  9.8872e-002  9.9383e-002  9.5154e-002 -8.6387e-002 -7.3500e-002 -5.7108e-002  3.7993e-002 -1.7066e-002 -4.6756e-003  2.6194e-002  4.6463e-002 -6.4516e-002  7.9492e-002  9.0678e-002 -9.7539e-002  9.9748e-002  9.7200e-002 -9.0017e-002  7.8541e-002  6.3319e-002  4.5077e-002 -2.4686e-002  3.1177e-003  1.8600e-002  3.9430e-002  5.8380e-002  7.4545e-002  8.7156e-002 -9.5610e-002  9.9504e-002  9.8653e-002  9.3098e-002  8.3102e-002  6.9143e-002 -5.1887e-002  3.2156e-002 -1.0892e-002 -1.0892e-002  3.2156e-002 -5.1887e-002  6.9143e-002 -8.3102e-002 -9.3098e-002  9.8653e-002  9.9504e-002  9.5610e-002 -8.7156e-002 -7.4545e-002 -5.8380e-002 -3.9430e-002  1.8600e-002 -3.1177e-003 -2.4686e-002  4.5077e-002 -6.3319e-002  7.8541e-002  9.0017e-002  9.7200e-002 -9.9748e-002 -9.7539e-002  9.0678e-002 -7.9492e-002 -6.4516e-002 -4.6463e-002  2.6194e-002 -4.6756e-003  1.7066e-002 -3.7993e-002  5.7108e-002 -7.3500e-002  8.6387e-002  9.5154e-002  9.9383e-002 -9.8872e-002 -9.3646e-002 -8.3954e-002 -7.0258e-002 -5.3212e-002 -3.3628e-002  1.2440e-002  9.3408e-003 -3.0676e-002  5.0549e-002  6.8011e-002  8.2229e-002 -9.2526e-002  9.8411e-002  9.9602e-002  9.6043e-002 -8.7903e-002 -7.5572e-002 -5.9637e-002  4.0857e-002 -2.0129e-002  1.5590e-003 -2.3173e-002 -4.3681e-002  6.2107e-002  7.7570e-002 -8.9334e-002 -9.6838e-002  9.9724e-002  9.7853e-002 -9.1316e-002 -8.0424e-002  6.5697e-002  4.7837e-002 -2.7695e-002  6.2323e-003 -1.5527e-002  3.6547e-002 -5.5823e-002 -7.2437e-002 -8.5597e-002 -9.4674e-002  9.9237e-002  9.9066e-002  9.4172e-002 -8.4786e-002 -7.1357e-002  5.4524e-002 -3.5092e-002  1.3986e-002  7.7875e-003  2.9189e-002  4.9199e-002  6.6862e-002 -8.1337e-002 -9.1933e-002  9.8144e-002 -9.9675e-002 -9.6452e-002 -8.8630e-002  7.6580e-002 -6.0879e-002 -4.2274e-002  2.1653e-002
  2.3173e-002 -4.5077e-002  6.4516e-002  8.0424e-002 -9.1933e-002  9.8411e-002  9.9504e-002  9.5154e-002 -8.5597e-002 -7.1357e-002  5.3212e-002  3.2156e-002 -9.3408e-003  1.3986e-002  3.6547e-002  5.7108e-002  7.4545e-002 -8.7903e-002 -9.6452e-002  9.9724e-002 -9.7539e-002  9.0017e-002  7.7570e-002 -6.0879e-002 -4.0857e-002  1.8600e-002  4.6756e-003 -2.7695e-002  4.9199e-002 -6.8011e-002 -8.3102e-002 -9.3646e-002 -9.9066e-002 -9.9066e-002  9.3646e-002  8.3102e-002 -6.8011e-002 -4.9199e-002  2.7695e-002 -4.6756e-003 -1.8600e-002 -4.0857e-002  6.0879e-002  7.7570e-002  9.0017e-002 -9.7539e-002  9.9724e-002 -9.6452e-002  8.7903e-002 -7.4545e-002 -5.7108e-002 -3.6547e-002  1.3986e-002 -9.3408e-003 -3.2156e-002 -5.3212e-002  7.1357e-002  8.5597e-002 -9.5154e-002  9.9504e-002  9.8411e-002  9.1933e-002 -8.0424e-002  6.4516e-002  4.5077e-002  2.3173e-002  9.4361e-014  2.3173e-002  4.5077e-002 -6.4516e-002  8.0424e-002 -9.1933e-002  9.8411e-002  9.9504e-002 -9.5154e-002  8.5597e-002  7.1357e-002 -5.3212e-002  3.2156e-002  9.3408e-003  1.3986e-002 -3.6547e-002 -5.7108e-002 -7.4545e-002  8.7903e-002 -9.6452e-002  9.9724e-002  9.7539e-002  9.0017e-002  7.7570e-002  6.0879e-002 -4.0857e-002  1.8600e-002 -4.6756e-003 -2.7695e-002 -4.9199e-002 -6.8011e-002  8.3102e-002 -9.3646e-002  9.9066e-002 -9.9066e-002  9.3646e-002 -8.3102e-002  6.8011e-002 -4.9199e-002 -2.7695e-002  4.6756e-003 -1.8600e-002 -4.0857e-002  6.0879e-002  7.7570e-002  9.0017e-002  9.7539e-002 -9.9724e-002 -9.6452e-002 -8.7903e-002  7.4545e-002 -5.7108e-002  3.6547e-002  1.3986e-002 -9.3408e-003  3.2156e-002  5.3212e-002 -7.1357e-002  8.5597e-002  9.5154e-002  9.9504e-002 -9.8411e-002  9.1933e-002  8.0424e-002 -6.4516e-002  4.5077e-002 -2.3173e-002  1.7581e-013 -2.3173e-002 -4.5077e-002  6.4516e-002  8.0424e-002  9.1933e-002  9.8411e-002  9.9504e-002  9.5154e-002 -8.5597e-002  7.1357e-002 -5.3212e-002  3.2156e-002  9.3408e-003 -1.3986e-002  3.6547e-002 -5.7108e-002 -7.4545e-002 -8.7903e-002  9.6452e-002  9.9724e-002  9.7539e-002 -9.0017e-002  7.7570e-002  6.0879e-002 -4.0857e-002 -1.8600e-002 -4.6756e-003 -2.7695e-002  4.9199e-002  6.8011e-002 -8.3102e-002 -9.3646e-002  9.9066e-002  9.9066e-002 -9.3646e-002 -8.3102e-002  6.8011e-002 -4.9199e-002 -2.7695e-002  4.6756e-003  1.8600e-002  4.0857e-002  6.0879e-002  7.7570e-002 -9.0017e-002 -9.7539e-002 -9.9724e-002  9.6452e-002  8.7903e-002 -7.4545e-002  5.7108e-002 -3.6547e-002  1.3986e-002 -9.3408e-003 -3.2156e-002 -5.3212e-002  7.1357e-002  8.5597e-002 -9.5154e-002  9.9504e-002  9.8411e-002  9.1933e-002 -8.0424e-002  6.4516e-002  4.5077e-002 -2.3173e-002
